9.999996381359339992e+00
3.517717041159573199e+01
6.035429856531298043e+01
8.553138084209422232e+01
1.107084171499685823e+02
1.358880771784963883e+02
1.610649202639290820e+02
1.862440211038136795e+02
2.114192969852915667e+02
2.365988163507070396e+02
2.617784017261087115e+02
2.869452913778222296e+02
3.121242334761927282e+02
3.373028362869176817e+02
3.624748507963045654e+02
3.876272867393269053e+02
4.127784768792211594e+02
4.379347341209489741e+02
4.630937745829036203e+02
4.882546680073315315e+02
5.133664076679685877e+02
5.385195019592033532e+02
5.636413562092454868e+02
5.887451512057853051e+02
6.138551237349238363e+02
6.388951235102692863e+02
6.639886430036696083e+02
6.890406726119425684e+02
7.140803771978871737e+02
7.390390781858400260e+02
7.641223363929491370e+02
7.890480522782196431e+02
8.140844063676260021e+02
8.389773230081376596e+02
8.639303541000728046e+02
8.887828090290208820e+02
9.136283602326067239e+02
9.384957759953149434e+02
9.632071054721892551e+02
9.880319823616841859e+02
1.013122391532784945e+03
1.037959483390917285e+03
1.062611595588281034e+03
1.087372507782414687e+03
1.111816715039473820e+03
1.136338729116872400e+03
1.160858010699176020e+03
1.185410286232337739e+03
1.209912540513564181e+03
1.234081485092486673e+03
1.258374786527705282e+03
1.282642268647587116e+03
1.306856710005083869e+03
1.330934772652364245e+03
1.354960961315331588e+03
1.378907065072977730e+03
1.402510660338502248e+03
1.426252218813424406e+03
1.449583596134425761e+03
1.472967848769362035e+03
1.496038741133949770e+03
1.518986841594375846e+03
1.541581500387803089e+03
1.563117552886554677e+03
1.584671472001678239e+03
1.607404655748518280e+03
1.624666936672155316e+03
1.452853245786779325e+03
1.242975425427370055e+03
9.557668462096693247e+02
9.607469231022589611e+02
5.915048678343893016e+02
6.663931425745282695e+02
0.000000000000000000e+00
0.000000000000000000e+00
0.000000000000000000e+00
0.000000000000000000e+00
0.000000000000000000e+00
0.000000000000000000e+00
0.000000000000000000e+00
