9.999985561756886909e+00
2.251891412486209276e+01
3.503779744045531430e+01
4.755663548225896875e+01
6.007542828695396508e+01
7.259417584574210025e+01
8.511287826108140564e+01
9.763153575982927634e+01
1.101507355641334556e+02
1.226725566459566039e+02
1.351890428922950775e+02
1.477097204343573082e+02
1.602293424234655390e+02
1.727455573097799402e+02
1.852623325258267073e+02
1.977823042807787886e+02
2.103008649483073498e+02
2.228209893777727473e+02
2.353364158422642731e+02
2.478620811778934296e+02
2.603727935870149963e+02
2.728890287825119003e+02
2.854075891264712936e+02
2.979302525052211195e+02
3.104438804266852685e+02
3.229599350296742841e+02
3.354765693819489911e+02
3.479725900790783726e+02
3.604871726767835298e+02
3.730078296865835910e+02
3.855174959071615604e+02
3.980229187100798072e+02
4.104998177480835011e+02
4.230112983359250620e+02
4.355276834379229740e+02
4.480235991936086748e+02
4.605196786869666425e+02
4.730006651088471585e+02
4.854945112572664243e+02
4.979816393873106790e+02
5.105023555057279623e+02
5.229826474807604200e+02
5.354466359776406534e+02
5.479228926790788137e+02
5.603620010683085866e+02
5.728296553499869788e+02
5.852929496371600635e+02
5.977534594954209979e+02
6.102083847149569920e+02
6.226247984893009288e+02
6.350454628053449824e+02
6.474803665929194949e+02
6.598778911195230421e+02
6.723059570235462843e+02
6.846778208598116180e+02
6.970930527780569719e+02
7.094375850274902859e+02
7.218394859139571054e+02
7.341323067412226919e+02
7.465301512274256766e+02
7.587916091174537314e+02
7.711786271929909162e+02
7.834956654127103093e+02
7.957486631762810703e+02
8.080617793166790079e+02
8.203530804079881591e+02
8.326818177605399569e+02
8.449016487247565692e+02
8.573059220359668871e+02
8.694864126459705176e+02
8.822215727777510210e+02
8.954302979643322260e+02
9.081777327212504360e+02
9.204019533619742788e+02
9.310857697807731483e+02
9.365187323139009550e+02
0.000000000000000000e+00
0.000000000000000000e+00
0.000000000000000000e+00
0.000000000000000000e+00
