1.315786914068264082e+02
1.445149308701898008e+02
1.587229957324491352e+02
1.743279122719242480e+02
1.914669874316824689e+02
2.102914460078584682e+02
2.309654210060297714e+02
2.536791220795921618e+02
2.786143863476261231e+02
3.060091153055731752e+02
3.360869391881175261e+02
3.691085920933475109e+02
4.053933372045281089e+02
4.452140264100315221e+02
4.889703759001738490e+02
5.369641962306677669e+02
5.896597723535226123e+02
6.474945030691123975e+02
7.109071173185219550e+02
7.805101748742987411e+02
8.567095241592182902e+02
9.403349322706681050e+02
1.031493662375730992e+03
1.131379704880921281e+03
1.240236788878595689e+03
1.358332696258637725e+03
1.486369299610052167e+03
1.621403180431846295e+03
1.717365336590476545e+03
1.427560104972119916e+03
1.223061456349285208e+03
1.171973966831666303e+03
1.279410069716044063e+03
1.394575632024880861e+03
1.509933596726145652e+03
1.578153880359557434e+03
1.380392181924559509e+03
1.327023129610656497e+03
7.290723573821513810e+02
1.195094965147512994e+03
1.293630128393250288e+03
1.390781157849094143e+03
1.489997011121007290e+03
1.246281172617710354e+03
1.304057702424940317e+03
9.033734764478618899e+02
nan
nan
nan
nan
