1.000001010153369485e+01
6.050669893454536208e+01
1.110139030133932607e+02
1.615215973270729819e+02
2.120252192881763733e+02
2.625365954199874636e+02
3.130307505205710186e+02
3.635173024796073946e+02
4.140172292641339027e+02
4.644836659731946611e+02
5.149028898229736342e+02
5.653320425538721565e+02
6.156926576197471377e+02
6.660448019620068862e+02
7.163094208110236423e+02
7.665947288286088224e+02
8.168339831658547610e+02
8.667858760104038538e+02
9.169031552791777813e+02
9.667819048731871590e+02
1.016576617249654078e+03
1.066153333984544361e+03
1.115900925544300890e+03
1.165056511127646218e+03
1.214297145438391226e+03
1.263426066647070684e+03
1.311937161064529164e+03
1.360641601177231223e+03
1.408686567803370281e+03
1.456830370023004207e+03
1.504276553693085134e+03
1.551087974060732904e+03
1.597047718408221044e+03
1.642529671609394200e+03
1.686589876058874779e+03
1.726936892891891148e+03
1.744653422138741234e+03
1.579234180786698971e+03
1.375586262206181800e+03
1.410725837402000934e+03
1.209268528033246184e+03
1.397051750345151277e+03
1.254205823119207480e+03
1.063364984496919988e+03
1.240237674489411802e+03
1.271954962976263914e+03
1.297887893014858264e+03
1.163541765608921196e+03
1.186974194978626656e+03
1.209870395887364793e+03
1.233180100211572153e+03
1.255857961991929415e+03
1.278661777986953666e+03
1.300841942433404711e+03
1.323501804609101100e+03
1.346069725215598282e+03
1.368798497855512323e+03
1.390794833338044100e+03
1.412627356650392358e+03
1.434452382859308500e+03
1.456188662356898249e+03
1.477166784041506617e+03
1.497371599033621806e+03
1.517396880488318402e+03
1.537016384382697879e+03
1.554526183199090383e+03
1.569630159653860346e+03
1.584938076518347088e+03
1.598205381263805975e+03
1.605339848064971420e+03
1.599672362663303147e+03
1.598058466799878033e+03
1.591641089270189923e+03
1.534809644931734283e+03
1.342100276015416739e+03
1.360080863968008543e+03
1.386402564182102651e+03
1.401091248460078532e+03
1.220966741150689131e+03
1.242233482105819348e+03
