1.000200783634728374e+01
1.090867600675431959e+01
1.189744505742062941e+01
1.297584652848558839e+01
1.415199051424961851e+01
1.543487998858503119e+01
1.683400450991198483e+01
1.835986420761864579e+01
2.002414437769739308e+01
2.183944429019651423e+01
2.381969436211277014e+01
2.597873826163651856e+01
2.833443175671174075e+01
3.090456733598830752e+01
3.370828904031394302e+01
3.676764763738971453e+01
4.010853861294770439e+01
4.375777590323686894e+01
4.774695723008507997e+01
5.210568213040027530e+01
5.686890325102726251e+01
6.207276197583437494e+01
6.772897811472373064e+01
7.394259593197394054e+01
8.076129053211586495e+01
9.892919332579189984e+01
1.296298341187712992e+02
1.575406353086262641e+02
1.729460714326842208e+02
1.456838382569029307e+02
