nan
nan
nan
nan
nan
nan
nan
nan
nan
nan
nan
nan
nan
nan
nan
nan
nan
nan
nan
nan
nan
nan
nan
nan
nan
nan
nan
nan
nan
nan
nan
nan
nan
nan
nan
nan
nan
nan
nan
nan
nan
5.637999999999999928e-08
5.927000000000000067e-08
6.203999999999999173e-08
6.597999999999998598e-08
6.963999999999999361e-08
7.299999999999997870e-08
7.702999999999999559e-08
7.973999999999997155e-08
8.381999999999999220e-08
8.659999999999999460e-08
8.951937499999999291e-08
9.239749999999999076e-08
9.470999999999999244e-08
9.677999999999999708e-08
9.828000000000000390e-08
9.964000000000001078e-08
1.004399999999999915e-07
1.010800000000000025e-07
1.014299999999999891e-07
1.016599999999999984e-07
1.017999999999999984e-07
1.017999999999999984e-07
1.017999999999999984e-07
1.017999999999999984e-07
1.017550000000000003e-07
1.017399999999999833e-07
1.017399999999999833e-07
1.017199999999999871e-07
1.017199999999999871e-07
1.017199999999999871e-07
1.016699999999999965e-07
1.016599999999999984e-07
1.016599999999999984e-07
1.016399999999999890e-07
1.016399999999999890e-07
1.016399999999999890e-07
1.016399999999999890e-07
1.016399999999999890e-07
1.016399999999999890e-07
1.016399999999999890e-07
1.015974999999999805e-07
1.016399999999999890e-07
1.015999218749999779e-07
1.015949999999999777e-07
1.015949999999999777e-07
1.015949999999999777e-07
1.015949999999999777e-07
1.015899999999999852e-07
1.015899999999999852e-07
1.015899999999999852e-07
1.015949999999999777e-07
1.015949999999999777e-07
1.015974999999999805e-07
1.015974999999999805e-07
1.015974999999999805e-07
1.015974999999999805e-07
1.015949999999999777e-07
1.015949999999999777e-07
1.015949999999999777e-07
